B{1}.Cdiss =          0.000000000000000E+00;
B{2}.Cdiss =          0.000000000000000E+00;
B{3}.Cdiss =          0.000000000000000E+00;
B{4}.Cdiss =          0.000000000000000E+00;
B{5}.Cdiss =          0.000000000000000E+00;
B{6}.Cdiss =          0.000000000000000E+00;
B{1}.LB.x =         -0.200000000000000E+02;
B{1}.LB.y =         -0.200000000000000E+02;
B{1}.LT.x =         -0.200000000000000E+02;
B{1}.LT.y =          0.000000000000000E+00;
B{1}.RB.x =         -0.100000000000000E+02;
B{1}.RB.y =         -0.200000000000000E+02;
B{1}.RT.x =         -0.100000000000000E+02;
B{1}.RT.y =          0.000000000000000E+00;
B{1}.mx =            1;
B{1}.px =           25;
B{1}.my =            1;
B{1}.py =           51;
B{2}.LB.x =         -0.100000000000000E+02;
B{2}.LB.y =         -0.200000000000000E+02;
B{2}.LT.x =         -0.100000000000000E+02;
B{2}.LT.y =          0.000000000000000E+00;
B{2}.RB.x =          0.100000000000000E+02;
B{2}.RB.y =         -0.200000000000000E+02;
B{2}.RT.x =          0.100000000000000E+02;
B{2}.RT.y =          0.000000000000000E+00;
B{2}.mx =           26;
B{2}.px =           76;
B{2}.my =            1;
B{2}.py =           51;
B{3}.LB.x =          0.100000000000000E+02;
B{3}.LB.y =         -0.200000000000000E+02;
B{3}.LT.x =          0.100000000000000E+02;
B{3}.LT.y =          0.000000000000000E+00;
B{3}.RB.x =          0.200000000000000E+02;
B{3}.RB.y =         -0.200000000000000E+02;
B{3}.RT.x =          0.200000000000000E+02;
B{3}.RT.y =          0.000000000000000E+00;
B{3}.mx =           77;
B{3}.px =          101;
B{3}.my =            1;
B{3}.py =           51;
B{4}.LB.x =         -0.200000000000000E+02;
B{4}.LB.y =          0.000000000000000E+00;
B{4}.LT.x =         -0.200000000000000E+02;
B{4}.LT.y =          0.200000000000000E+02;
B{4}.RB.x =         -0.100000000000000E+02;
B{4}.RB.y =          0.000000000000000E+00;
B{4}.RT.x =         -0.100000000000000E+02;
B{4}.RT.y =          0.200000000000000E+02;
B{4}.mx =            1;
B{4}.px =           25;
B{4}.my =           52;
B{4}.py =          102;
B{5}.LB.x =         -0.100000000000000E+02;
B{5}.LB.y =          0.000000000000000E+00;
B{5}.LT.x =         -0.100000000000000E+02;
B{5}.LT.y =          0.200000000000000E+02;
B{5}.RB.x =          0.100000000000000E+02;
B{5}.RB.y =          0.000000000000000E+00;
B{5}.RT.x =          0.100000000000000E+02;
B{5}.RT.y =          0.200000000000000E+02;
B{5}.mx =           26;
B{5}.px =           76;
B{5}.my =           52;
B{5}.py =          102;
B{6}.LB.x =          0.100000000000000E+02;
B{6}.LB.y =          0.000000000000000E+00;
B{6}.LT.x =          0.100000000000000E+02;
B{6}.LT.y =          0.200000000000000E+02;
B{6}.RB.x =          0.200000000000000E+02;
B{6}.RB.y =          0.000000000000000E+00;
B{6}.RT.x =          0.200000000000000E+02;
B{6}.RT.y =          0.200000000000000E+02;
B{6}.mx =           77;
B{6}.px =          101;
B{6}.my =           52;
B{6}.py =          102;
M{1}.response = 'elastic';
M{1}.heterogeneous = 'F';
M{1}.rho =          0.260000000000000E+01;
M{1}.G =          0.234000000000000E+08;
M{1}.lambda =          0.182000000000000E+08;
M{1}.K =          0.338000000000000E+08;
M{1}.M =          0.650000000000000E+08;
M{1}.cs =          0.300000000000000E+04;
M{1}.cp =          0.500000000000000E+04;
M{1}.nu =          0.218750000000000E+00;
M{1}.Zs =          0.780000000000000E+04;
M{1}.Zp =          0.130000000000000E+05;
M{1}.pmlx = 'F';
M{1}.pmly = 'F';
M{1}.pml_n =          0.601347001699907-153;
M{1}.pml_sigma =          0.000000000000000E+00;
M{1}.pml_kappa =          0.000000000000000E+00;
M{1}.pml_mx =         -0.179769313486232+309;
M{1}.pml_px =          0.179769313486232+309;
M{1}.pml_my =         -0.179769313486232+309;
M{1}.pml_py =          0.179769313486232+309;
B{1}.bcL = 'absorbing';
B{1}.bcR = 'none';
B{1}.bcB = 'absorbing';
B{1}.bcT = 'none';
M{2}.response = 'elastic';
M{2}.heterogeneous = 'F';
M{2}.rho =          0.260000000000000E+01;
M{2}.G =          0.234000000000000E+08;
M{2}.lambda =          0.182000000000000E+08;
M{2}.K =          0.338000000000000E+08;
M{2}.M =          0.650000000000000E+08;
M{2}.cs =          0.300000000000000E+04;
M{2}.cp =          0.500000000000000E+04;
M{2}.nu =          0.218750000000000E+00;
M{2}.Zs =          0.780000000000000E+04;
M{2}.Zp =          0.130000000000000E+05;
M{2}.pmlx = 'F';
M{2}.pmly = 'F';
M{2}.pml_n =          0.601347001699907-153;
M{2}.pml_sigma =          0.000000000000000E+00;
M{2}.pml_kappa =          0.000000000000000E+00;
M{2}.pml_mx =         -0.179769313486232+309;
M{2}.pml_px =          0.179769313486232+309;
M{2}.pml_my =         -0.179769313486232+309;
M{2}.pml_py =          0.179769313486232+309;
B{2}.bcL = 'none';
B{2}.bcR = 'none';
B{2}.bcB = 'absorbing';
B{2}.bcT = 'none';
M{3}.response = 'elastic';
M{3}.heterogeneous = 'F';
M{3}.rho =          0.260000000000000E+01;
M{3}.G =          0.234000000000000E+08;
M{3}.lambda =          0.182000000000000E+08;
M{3}.K =          0.338000000000000E+08;
M{3}.M =          0.650000000000000E+08;
M{3}.cs =          0.300000000000000E+04;
M{3}.cp =          0.500000000000000E+04;
M{3}.nu =          0.218750000000000E+00;
M{3}.Zs =          0.780000000000000E+04;
M{3}.Zp =          0.130000000000000E+05;
M{3}.pmlx = 'F';
M{3}.pmly = 'F';
M{3}.pml_n =          0.601347001699907-153;
M{3}.pml_sigma =          0.000000000000000E+00;
M{3}.pml_kappa =          0.000000000000000E+00;
M{3}.pml_mx =         -0.179769313486232+309;
M{3}.pml_px =          0.179769313486232+309;
M{3}.pml_my =         -0.179769313486232+309;
M{3}.pml_py =          0.179769313486232+309;
B{3}.bcL = 'none';
B{3}.bcR = 'absorbing';
B{3}.bcB = 'absorbing';
B{3}.bcT = 'none';
M{4}.response = 'elastic';
M{4}.heterogeneous = 'F';
M{4}.rho =          0.260000000000000E+01;
M{4}.G =          0.234000000000000E+08;
M{4}.lambda =          0.182000000000000E+08;
M{4}.K =          0.338000000000000E+08;
M{4}.M =          0.650000000000000E+08;
M{4}.cs =          0.300000000000000E+04;
M{4}.cp =          0.500000000000000E+04;
M{4}.nu =          0.218750000000000E+00;
M{4}.Zs =          0.780000000000000E+04;
M{4}.Zp =          0.130000000000000E+05;
M{4}.pmlx = 'F';
M{4}.pmly = 'F';
M{4}.pml_n =          0.601347001699907-153;
M{4}.pml_sigma =          0.000000000000000E+00;
M{4}.pml_kappa =          0.000000000000000E+00;
M{4}.pml_mx =         -0.179769313486232+309;
M{4}.pml_px =          0.179769313486232+309;
M{4}.pml_my =         -0.179769313486232+309;
M{4}.pml_py =          0.179769313486232+309;
B{4}.bcL = 'absorbing';
B{4}.bcR = 'none';
B{4}.bcB = 'none';
B{4}.bcT = 'absorbing';
M{5}.response = 'elastic';
M{5}.heterogeneous = 'F';
M{5}.rho =          0.260000000000000E+01;
M{5}.G =          0.234000000000000E+08;
M{5}.lambda =          0.182000000000000E+08;
M{5}.K =          0.338000000000000E+08;
M{5}.M =          0.650000000000000E+08;
M{5}.cs =          0.300000000000000E+04;
M{5}.cp =          0.500000000000000E+04;
M{5}.nu =          0.218750000000000E+00;
M{5}.Zs =          0.780000000000000E+04;
M{5}.Zp =          0.130000000000000E+05;
M{5}.pmlx = 'F';
M{5}.pmly = 'F';
M{5}.pml_n =          0.601347001699907-153;
M{5}.pml_sigma =          0.000000000000000E+00;
M{5}.pml_kappa =          0.000000000000000E+00;
M{5}.pml_mx =         -0.179769313486232+309;
M{5}.pml_px =          0.179769313486232+309;
M{5}.pml_my =         -0.179769313486232+309;
M{5}.pml_py =          0.179769313486232+309;
B{5}.bcL = 'none';
B{5}.bcR = 'none';
B{5}.bcB = 'none';
B{5}.bcT = 'absorbing';
M{6}.response = 'elastic';
M{6}.heterogeneous = 'F';
M{6}.rho =          0.260000000000000E+01;
M{6}.G =          0.234000000000000E+08;
M{6}.lambda =          0.182000000000000E+08;
M{6}.K =          0.338000000000000E+08;
M{6}.M =          0.650000000000000E+08;
M{6}.cs =          0.300000000000000E+04;
M{6}.cp =          0.500000000000000E+04;
M{6}.nu =          0.218750000000000E+00;
M{6}.Zs =          0.780000000000000E+04;
